0.43980252390558067
0.1492508977651596
0.0762970701537349
0.04812857539139011
0.035969848693771796
0.029117173193530604
0.02178946267813444
0.018099036169323054
0.016524283012205904
0.013992741839452223
0.01363784677603028
0.01277455324307084
0.010875061797824773
0.009628297261555086
0.009049499695273962
0.008079173767261884
0.008872331551868807
0.009097816608846187
0.008010615895248272
0.007261172377250411
0.006218521648340605
0.004221582446586002
0.004664884765886447
0.0045992381913079455
0.005024063506756316
0.0034651580922813578
0.003314821354367516
0.003210095244205811
0.003234878904186189
0.002929024969820272
0.003267750296403061
0.0028398712229152972
0.0027591666841710154
0.00297428456727754
0.002250861647454175
0.002405146805738861
0.002461624424904585
0.0025387676390395924
0.0023670562437142838
0.0025050497677346524
0.002597396268339997
0.002195318561809307
0.0018084363927218048
0.0020976160716434772
0.003199597769840197
0.0023518782553517007
0.002499483129940927
0.0027130926853384486
0.0025497629286044023
0.002022936335891824
0.0022149084305221386
0.0018782707079398361
0.00451519716615704
0.002713491873476993
0.0022390265673906964
0.0015120071221397004
0.0015261373101648958
0.0018759641478854148
0.0015527711175805465
0.0018063696958547967
0.001802269962023605
0.0016888707622208377
0.001472700780934908
0.001353214830371805
0.001416258731941608
0.0011579965188337322
0.001020333267198029
0.0012551496683789248
0.0010857928343201903
0.0016539106537079946
0.0017453549747270616
0.002825946475125172
0.0020614323375577276
0.0021212732144208117
0.001603283670688556
0.0012059351609257812
0.0010869475377892905
0.001087343121286143
0.0012549650781279937
0.0016507714997384358
0.0028422078329392456
0.002417820761911571
0.0027945402438159695
0.0017818248682570728
0.001867299109951339
0.0016028054905208675
0.0012996989556334235
0.0016460007120093162
0.0014748991149562327
0.001385454156182029
0.001507965927223929
0.001452972224532542
0.00114278641465882
0.0012348720486360517
0.001056686242703687
0.002089460420591587
0.0020939710719341583
0.0011838162360204893
0.0014055796623737974
0.0010838705675930461
